        0.0000000000000000E+00        0.0000000000000000E+00        0.0000000000000000E+00        0.0000000000000000E+00        0.0000000000000000E+00        0.3000000000000000E+01
        0.1177712923690251E+01        0.6214960188159248E+01        0.0000000000000000E+00        0.0000000000000000E+00        0.0000000000000000E+00        0.3000126555644976E+01
        0.2461118344471450E+01        0.1181640932450084E+02        0.0000000000000000E+00        0.0000000000000000E+00        0.0000000000000000E+00        0.3000352095508935E+01
        0.1866841262793000E+01        0.1762417919693359E+02        0.0000000000000000E+00        0.0000000000000000E+00        0.0000000000000000E+00        0.3000796578642626E+01
        0.9418138716533506E+00        0.2376047973713912E+02        0.0000000000000000E+00        0.0000000000000000E+00        0.0000000000000000E+00        0.3000315598736528E+01
        0.1003741549600892E+01        0.3038484417695762E+02        0.0000000000000000E+00        0.0000000000000000E+00        0.0000000000000000E+00        0.2998820010023156E+01
        0.5106258907648643E+01        0.3606383254495468E+02        0.0000000000000000E+00        0.0000000000000000E+00        0.0000000000000000E+00        0.3000851630425330E+01
        0.9381061869283755E+01        0.3990145066604191E+02        0.0000000000000000E+00        0.0000000000000000E+00        0.0000000000000000E+00        0.3001025250266979E+01
        0.1164379318604643E+02        0.4492849607257189E+02        0.0000000000000000E+00        0.0000000000000000E+00        0.0000000000000000E+00        0.3000288074950082E+01
        0.1263334458131041E+02        0.5077156524278965E+02        0.0000000000000000E+00        0.0000000000000000E+00        0.0000000000000000E+00        0.2999978423182208E+01
        0.1330582491410791E+02        0.5687264601080619E+02        0.0000000000000000E+00        0.0000000000000000E+00        0.0000000000000000E+00        0.3000019727174715E+01
        0.1409630285089849E+02        0.6298412775076574E+02        0.0000000000000000E+00        0.0000000000000000E+00        0.0000000000000000E+00        0.3000001059135657E+01
        0.1496406282354243E+02        0.6906771304312529E+02        0.0000000000000000E+00        0.0000000000000000E+00        0.0000000000000000E+00        0.2999999554328854E+01
        0.1584408867974144E+02        0.7513402079633235E+02        0.0000000000000000E+00        0.0000000000000000E+00        0.0000000000000000E+00        0.3000000209798780E+01
        0.1668286330205356E+02        0.8119752469831499E+02        0.0000000000000000E+00        0.0000000000000000E+00        0.0000000000000000E+00        0.2999999520341474E+01
        0.1748848903767096E+02        0.8727542091524290E+02        0.0000000000000000E+00        0.0000000000000000E+00        0.0000000000000000E+00        0.2999999654959858E+01
        0.1830738172290368E+02        0.9336329437470482E+02        0.0000000000000000E+00        0.0000000000000000E+00        0.0000000000000000E+00        0.3000000202994963E+01
        0.1918949924725412E+02        0.9945522687974874E+02        0.0000000000000000E+00        0.0000000000000000E+00        0.0000000000000000E+00        0.3000000388475261E+01
        0.2014757691972012E+02        0.1055235195666341E+03        0.0000000000000000E+00        0.0000000000000000E+00        0.0000000000000000E+00        0.2999999928310131E+01
        0.2107141380707593E+02        0.1115633230843779E+03        0.0000000000000000E+00        0.0000000000000000E+00        0.0000000000000000E+00        0.2999998541168980E+01
        0.2183651019731697E+02        0.1175967566768387E+03        0.0000000000000000E+00        0.0000000000000000E+00        0.0000000000000000E+00        0.3000000725278589E+01
        0.2235115255784519E+02        0.1236418762082194E+03        0.0000000000000000E+00        0.0000000000000000E+00        0.0000000000000000E+00        0.2999987242063535E+01
        0.2265712614204076E+02        0.1297368277182667E+03        0.0000000000000000E+00        0.0000000000000000E+00        0.0000000000000000E+00        0.3000000469707668E+01
        0.2292731214768209E+02        0.1358788025244545E+03        0.0000000000000000E+00        0.0000000000000000E+00        0.0000000000000000E+00        0.3000005057002879E+01
        0.2339745416239316E+02        0.1420883235857196E+03        0.0000000000000000E+00        0.0000000000000000E+00        0.0000000000000000E+00        0.2999985997807944E+01
        0.2456180658652284E+02        0.1483023375520566E+03        0.0000000000000000E+00        0.0000000000000000E+00        0.0000000000000000E+00        0.2999868282558389E+01
        0.2576913276552901E+02        0.1541380735759546E+03        0.0000000000000000E+00        0.0000000000000000E+00        0.0000000000000000E+00        0.3000032272477044E+01
        0.2614412851659422E+02        0.1600926664914767E+03        0.0000000000000000E+00        0.0000000000000000E+00        0.0000000000000000E+00        0.3000035652044558E+01
        0.2611641266719306E+02        0.1661695642076974E+03        0.0000000000000000E+00        0.0000000000000000E+00        0.0000000000000000E+00        0.2999994727926892E+01
        0.2596135854358397E+02        0.1722916003204853E+03        0.0000000000000000E+00        0.0000000000000000E+00        0.0000000000000000E+00        0.2999995386093838E+01
        0.2583083732447211E+02        0.1784430965704793E+03        0.0000000000000000E+00        0.0000000000000000E+00        0.0000000000000000E+00        0.3000001214464952E+01
        0.2578848346026050E+02        0.1845980966987104E+03        0.0000000000000000E+00        0.0000000000000000E+00        0.0000000000000000E+00        0.2999999450010561E+01
        0.2583210691901083E+02        0.1907534961840619E+03        0.0000000000000000E+00        0.0000000000000000E+00        0.0000000000000000E+00        0.3000007532615631E+01
        0.2597743887781184E+02        0.1969165857437444E+03        0.0000000000000000E+00        0.0000000000000000E+00        0.0000000000000000E+00        0.3000085906484812E+01
        0.2667677265609073E+02        0.2033438701551488E+03        0.0000000000000000E+00        0.0000000000000000E+00        0.0000000000000000E+00        0.3000074207456189E+01
        0.2989406168971829E+02        0.2093007637950520E+03        0.0000000000000000E+00        0.0000000000000000E+00        0.0000000000000000E+00        0.2999843024711265E+01
        0.3575441134008044E+02        0.2129134440645951E+03        0.0000000000000000E+00        0.0000000000000000E+00        0.0000000000000000E+00        0.2999942306537101E+01
        0.4221433279088458E+02        0.2138024884784382E+03        0.0000000000000000E+00        0.0000000000000000E+00        0.0000000000000000E+00        0.2999948722035755E+01
        0.4845255094245749E+02        0.2136292616353826E+03        0.0000000000000000E+00        0.0000000000000000E+00        0.0000000000000000E+00        0.3000001169392049E+01
        0.5460091665936185E+02        0.2132288464946340E+03        0.0000000000000000E+00        0.0000000000000000E+00        0.0000000000000000E+00        0.3000000218384469E+01
        0.6072494284649978E+02        0.2127635694234687E+03        0.0000000000000000E+00        0.0000000000000000E+00        0.0000000000000000E+00        0.2999999947750194E+01
        0.6683679836039178E+02        0.2122915920949928E+03        0.0000000000000000E+00        0.0000000000000000E+00        0.0000000000000000E+00        0.2999999839609082E+01
        0.7294453903344257E+02        0.2118539559438001E+03        0.0000000000000000E+00        0.0000000000000000E+00        0.0000000000000000E+00        0.2999999631150570E+01
        0.7906049950322445E+02        0.2114491829703084E+03        0.0000000000000000E+00        0.0000000000000000E+00        0.0000000000000000E+00        0.3000000015855183E+01
        0.8518526849223213E+02        0.2110452527889652E+03        0.0000000000000000E+00        0.0000000000000000E+00        0.0000000000000000E+00        0.2999999864270221E+01
        0.9131731324864435E+02        0.2106040844050201E+03        0.0000000000000000E+00        0.0000000000000000E+00        0.0000000000000000E+00        0.3000000042008510E+01
        0.9744119850729930E+02        0.2101027899365501E+03        0.0000000000000000E+00        0.0000000000000000E+00        0.0000000000000000E+00        0.2999998892560907E+01
        0.1035439358608038E+03        0.2096038639032008E+03        0.0000000000000000E+00        0.0000000000000000E+00        0.0000000000000000E+00        0.2999999999791846E+01
        0.1096338705052606E+03        0.2091901574738014E+03        0.0000000000000000E+00        0.0000000000000000E+00        0.0000000000000000E+00        0.2999998882631357E+01
        0.1157167672778446E+03        0.2089321514807490E+03        0.0000000000000000E+00        0.0000000000000000E+00        0.0000000000000000E+00        0.3000000000139218E+01
        0.1218116828450342E+03        0.2088567803174568E+03        0.0000000000000000E+00        0.0000000000000000E+00        0.0000000000000000E+00        0.2999999969583806E+01
        0.1279283209702512E+03        0.2088930472511585E+03        0.0000000000000000E+00        0.0000000000000000E+00        0.0000000000000000E+00        0.2999999808040246E+01
        0.1340672659376174E+03        0.2089558263184146E+03        0.0000000000000000E+00        0.0000000000000000E+00        0.0000000000000000E+00        0.2999999030266396E+01
        0.1402453963089293E+03        0.2089264004204868E+03        0.0000000000000000E+00        0.0000000000000000E+00        0.0000000000000000E+00        0.3000000264405665E+01
        0.1464687493041283E+03        0.2085946499982285E+03        0.0000000000000000E+00        0.0000000000000000E+00        0.0000000000000000E+00        0.3000000321655431E+01
        0.1526558586572407E+03        0.2078168374008690E+03        0.0000000000000000E+00        0.0000000000000000E+00        0.0000000000000000E+00        0.2999997981198203E+01
        0.1587445312562974E+03        0.2067270256781042E+03        0.0000000000000000E+00        0.0000000000000000E+00        0.0000000000000000E+00        0.3000000004335306E+01
        0.1647753295601125E+03        0.2055094889684311E+03        0.0000000000000000E+00        0.0000000000000000E+00        0.0000000000000000E+00        0.2999999989141870E+01
        0.1707792176209477E+03        0.2042645186415271E+03        0.0000000000000000E+00        0.0000000000000000E+00        0.0000000000000000E+00        0.3000000430925490E+01
        0.1767814007461722E+03        0.2030560882262570E+03        0.0000000000000000E+00        0.0000000000000000E+00        0.0000000000000000E+00        0.2999999929230349E+01
        0.1827957748171290E+03        0.2018830014591852E+03        0.0000000000000000E+00        0.0000000000000000E+00        0.0000000000000000E+00        0.2999999950866024E+01
        0.1888187415675232E+03        0.2007216834745637E+03        0.0000000000000000E+00        0.0000000000000000E+00        0.0000000000000000E+00        0.3000000027065903E+01
        0.1948433140478313E+03        0.1995504969884819E+03        0.0000000000000000E+00        0.0000000000000000E+00        0.0000000000000000E+00        0.2999999996069396E+01
        0.2008640649013189E+03        0.1983691169682445E+03        0.0000000000000000E+00        0.0000000000000000E+00        0.0000000000000000E+00        0.2999999994473580E+01
        0.2068824130801451E+03        0.1971853484013832E+03        0.0000000000000000E+00        0.0000000000000000E+00        0.0000000000000000E+00        0.3000000001141014E+01
        0.2129005408232932E+03        0.1960058084885403E+03        0.0000000000000000E+00        0.0000000000000000E+00        0.0000000000000000E+00        0.2999999999460390E+01
        0.2189205571292949E+03        0.1948288076005414E+03        0.0000000000000000E+00        0.0000000000000000E+00        0.0000000000000000E+00        0.2999999997711859E+01
        0.2249414291981542E+03        0.1936482333243584E+03        0.0000000000000000E+00        0.0000000000000000E+00        0.0000000000000000E+00        0.3000000007676797E+01
        0.2309611193579788E+03        0.1924589065462276E+03        0.0000000000000000E+00        0.0000000000000000E+00        0.0000000000000000E+00        0.2999999999924265E+01
        0.2369768092917311E+03        0.1912686058036095E+03        0.0000000000000000E+00        0.0000000000000000E+00        0.0000000000000000E+00        0.2999999975067531E+01
        0.2429913552607588E+03        0.1900939877039344E+03        0.0000000000000000E+00        0.0000000000000000E+00        0.0000000000000000E+00        0.3000000002111392E+01
        0.2490098078498477E+03        0.1889500740314795E+03        0.0000000000000000E+00        0.0000000000000000E+00        0.0000000000000000E+00        0.2999999982022159E+01
        0.2550423116543252E+03        0.1878132150965375E+03        0.0000000000000000E+00        0.0000000000000000E+00        0.0000000000000000E+00        0.2999999593850896E+01
        0.2610801433356155E+03        0.1866233175222442E+03        0.0000000000000000E+00        0.0000000000000000E+00        0.0000000000000000E+00        0.2999998466160178E+01
        0.2671054522534589E+03        0.1853203102566771E+03        0.0000000000000000E+00        0.0000000000000000E+00        0.0000000000000000E+00        0.2999997971835907E+01
        0.2730768307066047E+03        0.1839736096428188E+03        0.0000000000000000E+00        0.0000000000000000E+00        0.0000000000000000E+00        0.2999996561861192E+01
        0.2790280084086136E+03        0.1828018112029407E+03        0.0000000000000000E+00        0.0000000000000000E+00        0.0000000000000000E+00        0.2999978437891612E+01
        0.2849996013497650E+03        0.1820080450329355E+03        0.0000000000000000E+00        0.0000000000000000E+00        0.0000000000000000E+00        0.2999981395108448E+01
        0.2911193755242936E+03        0.1814688846707869E+03        0.0000000000000000E+00        0.0000000000000000E+00        0.0000000000000000E+00        0.2999982532606441E+01
        0.2973921318685288E+03        0.1804242700698470E+03        0.0000000000000000E+00        0.0000000000000000E+00        0.0000000000000000E+00        0.2999843019864975E+01
        0.3034529687061097E+03        0.1777653219218634E+03        0.0000000000000000E+00        0.0000000000000000E+00        0.0000000000000000E+00        0.2999904786158589E+01
        0.3082455573485029E+03        0.1732842076692098E+03        0.0000000000000000E+00        0.0000000000000000E+00        0.0000000000000000E+00        0.3000006669537357E+01
        0.3116752766167268E+03        0.1677528023414603E+03        0.0000000000000000E+00        0.0000000000000000E+00        0.0000000000000000E+00        0.2999962246424602E+01
        0.3133126017293362E+03        0.1614130634728505E+03        0.0000000000000000E+00        0.0000000000000000E+00        0.0000000000000000E+00        0.3004052620018082E+01
        0.3152917277475549E+03        0.1570878286688271E+03        0.0000000000000000E+00        0.0000000000000000E+00        0.0000000000000000E+00        0.2993890032607939E+01
        0.3204327797052307E+03        0.1545590093293744E+03        0.0000000000000000E+00        0.0000000000000000E+00        0.0000000000000000E+00        0.2999905640979422E+01
        0.3261288349539573E+03        0.1526768249689183E+03        0.0000000000000000E+00        0.0000000000000000E+00        0.0000000000000000E+00        0.2999941507468358E+01
        0.3319929254373544E+03        0.1512059966166445E+03        0.0000000000000000E+00        0.0000000000000000E+00        0.0000000000000000E+00        0.2999987270310095E+01
        0.3379563709410037E+03        0.1499855151229750E+03        0.0000000000000000E+00        0.0000000000000000E+00        0.0000000000000000E+00        0.3000000631365155E+01
        0.3439705577827775E+03        0.1488920952352635E+03        0.0000000000000000E+00        0.0000000000000000E+00        0.0000000000000000E+00        0.3000000218597950E+01
        0.3500118027638665E+03        0.1478408281598491E+03        0.0000000000000000E+00        0.0000000000000000E+00        0.0000000000000000E+00        0.2999997608173701E+01
        0.3560636822205259E+03        0.1467583142126389E+03        0.0000000000000000E+00        0.0000000000000000E+00        0.0000000000000000E+00        0.2999999999924355E+01
        0.3621040944498175E+03        0.1456164386955571E+03        0.0000000000000000E+00        0.0000000000000000E+00        0.0000000000000000E+00        0.3000000074956156E+01
        0.3681311798290889E+03        0.1444313666895551E+03        0.0000000000000000E+00        0.0000000000000000E+00        0.0000000000000000E+00        0.2999999968215179E+01
        0.3741483392635484E+03        0.1432234932122052E+03        0.0000000000000000E+00        0.0000000000000000E+00        0.0000000000000000E+00        0.2999999880908401E+01
        0.3801599280328476E+03        0.1420146855940341E+03        0.0000000000000000E+00        0.0000000000000000E+00        0.0000000000000000E+00        0.3000000010791485E+01
        0.3861723220730046E+03        0.1408192414409107E+03        0.0000000000000000E+00        0.0000000000000000E+00        0.0000000000000000E+00        0.3000000000752979E+01
        0.3921875201553713E+03        0.1396399747147661E+03        0.0000000000000000E+00        0.0000000000000000E+00        0.0000000000000000E+00        0.2999999998261160E+01
        0.3982057707448242E+03        0.1384787330381851E+03        0.0000000000000000E+00        0.0000000000000000E+00        0.0000000000000000E+00        0.2999999997643170E+01
        0.4042273304134661E+03        0.1373376340084577E+03        0.0000000000000000E+00        0.0000000000000000E+00        0.0000000000000000E+00        0.3000000028413276E+01
        0.4102555115508172E+03        0.1362115216263634E+03        0.0000000000000000E+00        0.0000000000000000E+00        0.0000000000000000E+00        0.2999999990373170E+01
        0.4162892805683246E+03        0.1350752488614953E+03        0.0000000000000000E+00        0.0000000000000000E+00        0.0000000000000000E+00        0.2999999818446472E+01
        0.4223228470658543E+03        0.1338992359659698E+03        0.0000000000000000E+00        0.0000000000000000E+00        0.0000000000000000E+00        0.3000000034964517E+01
        0.4283501056281755E+03        0.1326539032705585E+03        0.0000000000000000E+00        0.0000000000000000E+00        0.0000000000000000E+00        0.3000000183293388E+01
        0.4343597969012533E+03        0.1313176035457985E+03        0.0000000000000000E+00        0.0000000000000000E+00        0.0000000000000000E+00        0.2999999790349908E+01
        0.4403453186601368E+03        0.1299046545165414E+03        0.0000000000000000E+00        0.0000000000000000E+00        0.0000000000000000E+00        0.2999999927642778E+01
        0.4463122126952226E+03        0.1284418673681336E+03        0.0000000000000000E+00        0.0000000000000000E+00        0.0000000000000000E+00        0.2999999940298668E+01
        0.4522665250244543E+03        0.1269551056870004E+03        0.0000000000000000E+00        0.0000000000000000E+00        0.0000000000000000E+00        0.3000000003497883E+01
        0.4582151760464075E+03        0.1254690335524486E+03        0.0000000000000000E+00        0.0000000000000000E+00        0.0000000000000000E+00        0.3000000019041326E+01
        0.4641649380276597E+03        0.1240001401579536E+03        0.0000000000000000E+00        0.0000000000000000E+00        0.0000000000000000E+00        0.2999999998608806E+01
        0.4701186844796422E+03        0.1225594282425783E+03        0.0000000000000000E+00        0.0000000000000000E+00        0.0000000000000000E+00        0.3000000042368616E+01
        0.4760788464854581E+03        0.1211581305464701E+03        0.0000000000000000E+00        0.0000000000000000E+00        0.0000000000000000E+00        0.2999999771974082E+01
        0.4820487989114943E+03        0.1198074621485022E+03        0.0000000000000000E+00        0.0000000000000000E+00        0.0000000000000000E+00        0.2999998861250533E+01
        0.4880386142336276E+03        0.1184859037658513E+03        0.0000000000000000E+00        0.0000000000000000E+00        0.0000000000000000E+00        0.2999999722324046E+01
        0.4940380312407439E+03        0.1171237099753596E+03        0.0000000000000000E+00        0.0000000000000000E+00        0.0000000000000000E+00        0.3000000042158169E+01
        0.5000285755665424E+03        0.1156502442431248E+03        0.0000000000000000E+00        0.0000000000000000E+00        0.0000000000000000E+00        0.2999998255095015E+01
        0.5059881564979688E+03        0.1140023369895818E+03        0.0000000000000000E+00        0.0000000000000000E+00        0.0000000000000000E+00        0.3000000517824390E+01
        0.5118815752378766E+03        0.1121727311564555E+03        0.0000000000000000E+00        0.0000000000000000E+00        0.0000000000000000E+00        0.2999999867980490E+01
        0.5177193469638567E+03        0.1102693062379924E+03        0.0000000000000000E+00        0.0000000000000000E+00        0.0000000000000000E+00        0.2999998708760245E+01
        0.5235381166889285E+03        0.1084113058487949E+03        0.0000000000000000E+00        0.0000000000000000E+00        0.0000000000000000E+00        0.2999999829474024E+01
        0.5293680801348744E+03        0.1067460982622232E+03        0.0000000000000000E+00        0.0000000000000000E+00        0.0000000000000000E+00        0.2999979709397092E+01
        0.5352466130985788E+03        0.1054783888572571E+03        0.0000000000000000E+00        0.0000000000000000E+00        0.0000000000000000E+00        0.2999997479306570E+01
        0.5412170323496673E+03        0.1046715807361681E+03        0.0000000000000000E+00        0.0000000000000000E+00        0.0000000000000000E+00        0.2999998208505107E+01
        0.5472713443940845E+03        0.1042082353744834E+03        0.0000000000000000E+00        0.0000000000000000E+00        0.0000000000000000E+00        0.2999996612386401E+01
        0.5533007598491215E+03        0.1040218770607331E+03        0.0000000000000000E+00        0.0000000000000000E+00        0.0000000000000000E+00        0.2999998773737471E+01
        0.5592442662628138E+03        0.1044052415523383E+03        0.0000000000000000E+00        0.0000000000000000E+00        0.0000000000000000E+00        0.2999996242828319E+01
        0.5651536392412887E+03        0.1054528310265002E+03        0.0000000000000000E+00        0.0000000000000000E+00        0.0000000000000000E+00        0.2999999193457309E+01
        0.5710836233306127E+03        0.1068482086791138E+03        0.0000000000000000E+00        0.0000000000000000E+00        0.0000000000000000E+00        0.2999994868887895E+01
        0.5770740475081043E+03        0.1082821328733977E+03        0.0000000000000000E+00        0.0000000000000000E+00        0.0000000000000000E+00        0.3000001317950386E+01
        0.5830924390649707E+03        0.1095904980600259E+03        0.0000000000000000E+00        0.0000000000000000E+00        0.0000000000000000E+00        0.2999999815162066E+01
        0.5890995507329161E+03        0.1108394106088070E+03        0.0000000000000000E+00        0.0000000000000000E+00        0.0000000000000000E+00        0.3000000271667454E+01
        0.5950881419933989E+03        0.1121147018972429E+03        0.0000000000000000E+00        0.0000000000000000E+00        0.0000000000000000E+00        0.2999999972809149E+01
        0.6010824103924507E+03        0.1134164479249317E+03        0.0000000000000000E+00        0.0000000000000000E+00        0.0000000000000000E+00        0.3000000074723483E+01
        0.6070937152974366E+03        0.1146957319402802E+03        0.0000000000000000E+00        0.0000000000000000E+00        0.0000000000000000E+00        0.3000000445231842E+01
        0.6131004518376010E+03        0.1159366622066123E+03        0.0000000000000000E+00        0.0000000000000000E+00        0.0000000000000000E+00        0.2999999709511144E+01
        0.6190704040327259E+03        0.1172272876953451E+03        0.0000000000000000E+00        0.0000000000000000E+00        0.0000000000000000E+00        0.3000001014751557E+01
        0.6250025907426474E+03        0.1186502163915153E+03        0.0000000000000000E+00        0.0000000000000000E+00        0.0000000000000000E+00        0.2999999981623627E+01
        0.6309628039214881E+03        0.1201367325109162E+03        0.0000000000000000E+00        0.0000000000000000E+00        0.0000000000000000E+00        0.2999998633091622E+01
        0.6369792799357770E+03        0.1215252896933375E+03        0.0000000000000000E+00        0.0000000000000000E+00        0.0000000000000000E+00        0.3000000079258752E+01
        0.6430546003689180E+03        0.1227157355033629E+03        0.0000000000000000E+00        0.0000000000000000E+00        0.0000000000000000E+00        0.3000000748959826E+01
        0.6491763311163381E+03        0.1236613368728680E+03        0.0000000000000000E+00        0.0000000000000000E+00        0.0000000000000000E+00        0.2999998399248393E+01
        0.6553161943416740E+03        0.1243820073207991E+03        0.0000000000000000E+00        0.0000000000000000E+00        0.0000000000000000E+00        0.2999999904557265E+01
        0.6614652354497340E+03        0.1249247217737028E+03        0.0000000000000000E+00        0.0000000000000000E+00        0.0000000000000000E+00        0.2999999989981808E+01
        0.6676199907612354E+03        0.1253191668388624E+03        0.0000000000000000E+00        0.0000000000000000E+00        0.0000000000000000E+00        0.3000000005074053E+01
        0.6737781446175945E+03        0.1255839267558533E+03        0.0000000000000000E+00        0.0000000000000000E+00        0.0000000000000000E+00        0.3000000005299154E+01
        0.6799380795826556E+03        0.1257306482314545E+03        0.0000000000000000E+00        0.0000000000000000E+00        0.0000000000000000E+00        0.3000000002123860E+01
        0.6860984803132851E+03        0.1257661226351579E+03        0.0000000000000000E+00        0.0000000000000000E+00        0.0000000000000000E+00        0.3000000000216126E+01
        0.6922583583660780E+03        0.1256932899887306E+03        0.0000000000000000E+00        0.0000000000000000E+00        0.0000000000000000E+00        0.2999999997581179E+01
        0.6984159162816755E+03        0.1255121194048038E+03        0.0000000000000000E+00        0.0000000000000000E+00        0.0000000000000000E+00        0.2999999997280771E+01
        0.7045687550751220E+03        0.1252243215166875E+03        0.0000000000000000E+00        0.0000000000000000E+00        0.0000000000000000E+00        0.3000000001778817E+01
        0.7107155945159717E+03        0.1248323440744863E+03        0.0000000000000000E+00        0.0000000000000000E+00        0.0000000000000000E+00        0.2999999996241009E+01
        0.7168556471508648E+03        0.1243349274291142E+03        0.0000000000000000E+00        0.0000000000000000E+00        0.0000000000000000E+00        0.2999999989920199E+01
        0.7229878682384523E+03        0.1237260139177011E+03        0.0000000000000000E+00        0.0000000000000000E+00        0.0000000000000000E+00        0.2999999865937635E+01
        0.7291110059686218E+03        0.1229919910345259E+03        0.0000000000000000E+00        0.0000000000000000E+00        0.0000000000000000E+00        0.2999999961688322E+01
        0.7352234387286596E+03        0.1221051782272043E+03        0.0000000000000000E+00        0.0000000000000000E+00        0.0000000000000000E+00        0.2999999752058991E+01
        0.7413202751708545E+03        0.1210062570534940E+03        0.0000000000000000E+00        0.0000000000000000E+00        0.0000000000000000E+00        0.3000000727902783E+01
        0.7473684474631905E+03        0.1196313697059901E+03        0.0000000000000000E+00        0.0000000000000000E+00        0.0000000000000000E+00        0.3000000040663429E+01
        0.7533332009739363E+03        0.1180322882087025E+03        0.0000000000000000E+00        0.0000000000000000E+00        0.0000000000000000E+00        0.2999996695045132E+01
        0.7592407124443376E+03        0.1163475243560980E+03        0.0000000000000000E+00        0.0000000000000000E+00        0.0000000000000000E+00        0.3000000106949518E+01
        0.7651367193531989E+03        0.1146516453104886E+03        0.0000000000000000E+00        0.0000000000000000E+00        0.0000000000000000E+00        0.2999999887384830E+01
        0.7710311302888219E+03        0.1129522820436970E+03        0.0000000000000000E+00        0.0000000000000000E+00        0.0000000000000000E+00        0.3000000035234881E+01
        0.7769247916020508E+03        0.1112519320722518E+03        0.0000000000000000E+00        0.0000000000000000E+00        0.0000000000000000E+00        0.2999999988619255E+01
        0.7828182206355264E+03        0.1095519068334221E+03        0.0000000000000000E+00        0.0000000000000000E+00        0.0000000000000000E+00        0.3000000002595521E+01
        0.7887117986792606E+03        0.1078532903921185E+03        0.0000000000000000E+00        0.0000000000000000E+00        0.0000000000000000E+00        0.2999999998261585E+01
        0.7946058075820445E+03        0.1061570079928714E+03        0.0000000000000000E+00        0.0000000000000000E+00        0.0000000000000000E+00        0.3000000000051408E+01
        0.8005005059387479E+03        0.1044639506632361E+03        0.0000000000000000E+00        0.0000000000000000E+00        0.0000000000000000E+00        0.2999999998681801E+01
        0.8063961488483088E+03        0.1027751553147894E+03        0.0000000000000000E+00        0.0000000000000000E+00        0.0000000000000000E+00        0.2999999997513756E+01
        0.8122933016023392E+03        0.1010905856713885E+03        0.0000000000000000E+00        0.0000000000000000E+00        0.0000000000000000E+00        0.2999999996083878E+01
        0.8181917056554694E+03        0.9940830664401004E+02        0.0000000000000000E+00        0.0000000000000000E+00        0.0000000000000000E+00        0.2999999998256898E+01
        0.8240907336511832E+03        0.9772588563409909E+02        0.0000000000000000E+00        0.0000000000000000E+00        0.0000000000000000E+00        0.2999999996646327E+01
        0.8299897138628860E+03        0.9604062842417422E+02        0.0000000000000000E+00        0.0000000000000000E+00        0.0000000000000000E+00        0.2999999997127369E+01
        0.8358878889687869E+03        0.9434931998124429E+02        0.0000000000000000E+00        0.0000000000000000E+00        0.0000000000000000E+00        0.2999999989048746E+01
        0.8417843647778139E+03        0.9264788841624883E+02        0.0000000000000000E+00        0.0000000000000000E+00        0.0000000000000000E+00        0.2999999999566004E+01
        0.8476779864197767E+03        0.9093091563617618E+02        0.0000000000000000E+00        0.0000000000000000E+00        0.0000000000000000E+00        0.2999999931706832E+01
        0.8535671452545050E+03        0.8919026958861946E+02        0.0000000000000000E+00        0.0000000000000000E+00        0.0000000000000000E+00        0.2999999986123972E+01
        0.8594481463557929E+03        0.8741830638781902E+02        0.0000000000000000E+00        0.0000000000000000E+00        0.0000000000000000E+00        0.2999999999910252E+01
        0.8653186533015194E+03        0.8561720167593937E+02        0.0000000000000000E+00        0.0000000000000000E+00        0.0000000000000000E+00        0.2999999967281435E+01
        0.8711798707173402E+03        0.8379658989971006E+02        0.0000000000000000E+00        0.0000000000000000E+00        0.0000000000000000E+00        0.3000000002894734E+01
        0.8770352510350949E+03        0.8197163887828899E+02        0.0000000000000000E+00        0.0000000000000000E+00        0.0000000000000000E+00        0.3000000008723189E+01
        0.8828911867410716E+03        0.8015658041480351E+02        0.0000000000000000E+00        0.0000000000000000E+00        0.0000000000000000E+00        0.2999999994711744E+01
        0.8887514112279234E+03        0.7835158355504991E+02        0.0000000000000000E+00        0.0000000000000000E+00        0.0000000000000000E+00        0.2999999996120506E+01
        0.8946144387911794E+03        0.7655226826656482E+02        0.0000000000000000E+00        0.0000000000000000E+00        0.0000000000000000E+00        0.2999999999249674E+01
        0.9004790323718978E+03        0.7475481906432483E+02        0.0000000000000000E+00        0.0000000000000000E+00        0.0000000000000000E+00        0.2999999999847571E+01
        0.9063439459795936E+03        0.7295573329100230E+02        0.0000000000000000E+00        0.0000000000000000E+00        0.0000000000000000E+00        0.3000000000499057E+01
        0.9122079058590087E+03        0.7115384618216306E+02        0.0000000000000000E+00        0.0000000000000000E+00        0.0000000000000000E+00        0.2999999999991323E+01
        0.9180710281820080E+03        0.6935010865971856E+02        0.0000000000000000E+00        0.0000000000000000E+00        0.0000000000000000E+00        0.2999999999844330E+01
        0.9239336176894379E+03        0.6754555813277244E+02        0.0000000000000000E+00        0.0000000000000000E+00        0.0000000000000000E+00        0.2999999999944221E+01
        0.9297960042605932E+03        0.6574125089582520E+02        0.0000000000000000E+00        0.0000000000000000E+00        0.0000000000000000E+00        0.3000000000087783E+01
        0.9356586234537860E+03        0.6393778435591001E+02        0.0000000000000000E+00        0.0000000000000000E+00        0.0000000000000000E+00        0.2999999999961047E+01
        0.9415215147180841E+03        0.6213486403129150E+02        0.0000000000000000E+00        0.0000000000000000E+00        0.0000000000000000E+00        0.2999999999995520E+01
        0.9473845584376614E+03        0.6033210349557301E+02        0.0000000000000000E+00        0.0000000000000000E+00        0.0000000000000000E+00        0.2999999999987405E+01
        0.9532476372155281E+03        0.5852911882142753E+02        0.0000000000000000E+00        0.0000000000000000E+00        0.0000000000000000E+00        0.2999999999995453E+01
        0.9591105775750832E+03        0.5672564722729192E+02        0.0000000000000000E+00        0.0000000000000000E+00        0.0000000000000000E+00        0.2999999999945225E+01
        0.9649733387524299E+03        0.5492201070071427E+02        0.0000000000000000E+00        0.0000000000000000E+00        0.0000000000000000E+00        0.2999999999992453E+01
        0.9708360687124125E+03        0.5311870348061814E+02        0.0000000000000000E+00        0.0000000000000000E+00        0.0000000000000000E+00        0.3000000000003558E+01
        0.9766989191474045E+03        0.5131621426222527E+02        0.0000000000000000E+00        0.0000000000000000E+00        0.0000000000000000E+00        0.2999999999957064E+01
        0.9825621075999454E+03        0.4951495664974736E+02        0.0000000000000000E+00        0.0000000000000000E+00        0.0000000000000000E+00        0.2999999999881155E+01
        0.9884258047193307E+03        0.4771416270649285E+02        0.0000000000000000E+00        0.0000000000000000E+00        0.0000000000000000E+00        0.2999999999835895E+01
        0.9942895885331291E+03        0.4591225895791501E+02        0.0000000000000000E+00        0.0000000000000000E+00        0.0000000000000000E+00        0.2999999999841622E+01
        0.1000152961502667E+04        0.4410767115965546E+02        0.0000000000000000E+00        0.0000000000000000E+00        0.0000000000000000E+00        0.2999999998285534E+01
        0.1006015370177358E+04        0.4229881655999252E+02        0.0000000000000000E+00        0.0000000000000000E+00        0.0000000000000000E+00        0.3000000002648374E+01
        0.1011875872659463E+04        0.4048694990447176E+02        0.0000000000000000E+00        0.0000000000000000E+00        0.0000000000000000E+00        0.3000000000540636E+01
        0.1017735541620531E+04        0.3867754311763237E+02        0.0000000000000000E+00        0.0000000000000000E+00        0.0000000000000000E+00        0.2999999989290232E+01
        0.1023596228389696E+04        0.3687643059354527E+02        0.0000000000000000E+00        0.0000000000000000E+00        0.0000000000000000E+00        0.2999999995559538E+01
        0.1029459649410042E+04        0.3508956262861747E+02        0.0000000000000000E+00        0.0000000000000000E+00        0.0000000000000000E+00        0.3000000056827241E+01
        0.1035329380454214E+04        0.3331756441253884E+02        0.0000000000000000E+00        0.0000000000000000E+00        0.0000000000000000E+00        0.2999999961883987E+01
        0.1041204243776908E+04        0.3154326455016365E+02        0.0000000000000000E+00        0.0000000000000000E+00        0.0000000000000000E+00        0.2999999905848918E+01
        0.1047077550097854E+04        0.2974467983699001E+02        0.0000000000000000E+00        0.0000000000000000E+00        0.0000000000000000E+00        0.3000000007076461E+01
        0.1052942520460254E+04        0.2789953657533031E+02        0.0000000000000000E+00        0.0000000000000000E+00        0.0000000000000000E+00        0.3000000066702246E+01
        0.1058789676385143E+04        0.2598828045801164E+02        0.0000000000000000E+00        0.0000000000000000E+00        0.0000000000000000E+00        0.2999999800040738E+01
        0.1064611981800283E+04        0.2401804919206782E+02        0.0000000000000000E+00        0.0000000000000000E+00        0.0000000000000000E+00        0.2999999984094283E+01
        0.1070415800009438E+04        0.2201160352680871E+02        0.0000000000000000E+00        0.0000000000000000E+00        0.0000000000000000E+00        0.2999999948097679E+01
        0.1076208689357955E+04        0.1999170946064495E+02        0.0000000000000000E+00        0.0000000000000000E+00        0.0000000000000000E+00        0.2999999988112637E+01
        0.1081999161670353E+04        0.1798043136058669E+02        0.0000000000000000E+00        0.0000000000000000E+00        0.0000000000000000E+00        0.3000000005017262E+01
        0.1087795766182338E+04        0.1598580319948110E+02        0.0000000000000000E+00        0.0000000000000000E+00        0.0000000000000000E+00        0.2999999999691351E+01
        0.1093597773162191E+04        0.1400215951588532E+02        0.0000000000000000E+00        0.0000000000000000E+00        0.0000000000000000E+00        0.2999999997670453E+01
        0.1099403140891765E+04        0.1202352168947450E+02        0.0000000000000000E+00        0.0000000000000000E+00        0.0000000000000000E+00        0.2999999994607744E+01
        0.1105209764404052E+04        0.1004389795725642E+02        0.0000000000000000E+00        0.0000000000000000E+00        0.0000000000000000E+00        0.3000000001495654E+01
        0.1111015123145872E+04        0.8059810020820656E+01        0.0000000000000000E+00        0.0000000000000000E+00        0.0000000000000000E+00        0.2999999999398369E+01
        0.1116818910181666E+04        0.6072368379564669E+01        0.0000000000000000E+00        0.0000000000000000E+00        0.0000000000000000E+00        0.2999999999997385E+01
        0.1122621649661906E+04        0.4083098007090221E+01        0.0000000000000000E+00        0.0000000000000000E+00        0.0000000000000000E+00        0.2999999999635800E+01
        0.1128423870871814E+04        0.2093536420294029E+01        0.0000000000000000E+00        0.0000000000000000E+00        0.0000000000000000E+00        0.2999999999827214E+01
        0.1134226200007286E+04        0.1049025328269478E+00        0.0000000000000000E+00        0.0000000000000000E+00        0.0000000000000000E+00        0.2999999999929473E+01
        0.1140028917767725E+04       -0.1882688561772746E+01        0.0000000000000000E+00        0.0000000000000000E+00        0.0000000000000000E+00        0.3000000000004388E+01
        0.1145831985197810E+04       -0.3869345923774111E+01        0.0000000000000000E+00        0.0000000000000000E+00        0.0000000000000000E+00        0.2999999999982681E+01
        0.1151635364479374E+04       -0.5855179333903231E+01        0.0000000000000000E+00        0.0000000000000000E+00        0.0000000000000000E+00        0.3000000000144121E+01
        0.1157439061880663E+04       -0.7840386709789534E+01        0.0000000000000000E+00        0.0000000000000000E+00        0.0000000000000000E+00        0.2999999999990055E+01
        0.1163242978412155E+04       -0.9825803576006077E+01        0.0000000000000000E+00        0.0000000000000000E+00        0.0000000000000000E+00        0.2999999999799234E+01
        0.1169046747980870E+04       -0.1181252737077265E+02        0.0000000000000000E+00        0.0000000000000000E+00        0.0000000000000000E+00        0.3000000000005354E+01
        0.1174849990899080E+04       -0.1380164741824700E+02        0.0000000000000000E+00        0.0000000000000000E+00        0.0000000000000000E+00        0.3000000000973537E+01
        0.1180652196430167E+04       -0.1579407838293337E+02        0.0000000000000000E+00        0.0000000000000000E+00        0.0000000000000000E+00        0.2999999999304031E+01
        0.1186452954752215E+04       -0.1778771171565210E+02        0.0000000000000000E+00        0.0000000000000000E+00        0.0000000000000000E+00        0.2999999998363822E+01
        0.1192253586014818E+04       -0.1977814091668395E+02        0.0000000000000000E+00        0.0000000000000000E+00        0.0000000000000000E+00        0.2999999997072316E+01
        0.1198055636386212E+04       -0.2176087806306490E+02        0.0000000000000000E+00        0.0000000000000000E+00        0.0000000000000000E+00        0.2999999999732432E+01
        0.1203860793751521E+04       -0.2373142029178348E+02        0.0000000000000000E+00        0.0000000000000000E+00        0.0000000000000000E+00        0.2999999978267476E+01
        0.1209671794392417E+04       -0.2569387417283248E+02        0.0000000000000000E+00        0.0000000000000000E+00        0.0000000000000000E+00        0.3000000001689452E+01
        0.1215484757986258E+04       -0.2766451902934676E+02        0.0000000000000000E+00        0.0000000000000000E+00        0.0000000000000000E+00        0.2999999932313918E+01
        0.1221293615205677E+04       -0.2966036044381660E+02        0.0000000000000000E+00        0.0000000000000000E+00        0.0000000000000000E+00        0.3000000000935601E+01
        0.1227092420759162E+04       -0.3169756855151541E+02        0.0000000000000000E+00        0.0000000000000000E+00        0.0000000000000000E+00        0.2999999744457179E+01
        0.1232870631394538E+04       -0.3377182801496011E+02        0.0000000000000000E+00        0.0000000000000000E+00        0.0000000000000000E+00        0.2999999478064094E+01
        0.1238637589408524E+04       -0.3583275140234440E+02        0.0000000000000000E+00        0.0000000000000000E+00        0.0000000000000000E+00        0.2999999548524990E+01
        0.1244413066668371E+04       -0.3782017917126613E+02        0.0000000000000000E+00        0.0000000000000000E+00        0.0000000000000000E+00        0.2999999891679904E+01
        0.1250214510415836E+04       -0.3966391986328850E+02        0.0000000000000000E+00        0.0000000000000000E+00        0.0000000000000000E+00        0.2999999657742341E+01
        0.1256065168843790E+04       -0.4128507474956810E+02        0.0000000000000000E+00        0.0000000000000000E+00        0.0000000000000000E+00        0.3000016848739127E+01
        0.1261974264685642E+04       -0.4264878993053613E+02        0.0000000000000000E+00        0.0000000000000000E+00        0.0000000000000000E+00        0.3000126906294909E+01
        0.1267907588969651E+04       -0.4367189557874585E+02        0.0000000000000000E+00        0.0000000000000000E+00        0.0000000000000000E+00        0.3001616087572616E+01
        0.1273490994583406E+04       -0.4358371443174330E+02        0.0000000000000000E+00        0.0000000000000000E+00        0.0000000000000000E+00        0.2968322694441520E+01
        0.1278699723163839E+04       -0.4744079734011176E+02        0.0000000000000000E+00        0.0000000000000000E+00        0.0000000000000000E+00        0.2994327157574584E+01
        0.1278685358883521E+04       -0.5369336542824471E+02        0.0000000000000000E+00        0.0000000000000000E+00        0.0000000000000000E+00        0.3000124089151130E+01
        0.1278856408462345E+04       -0.5970299683419678E+02        0.0000000000000000E+00        0.0000000000000000E+00        0.0000000000000000E+00        0.2999607587439021E+01
        0.1277624149819442E+04       -0.6635511427697662E+02        0.0000000000000000E+00        0.0000000000000000E+00        0.0000000000000000E+00        0.3000009505527655E+01
